version https://git-lfs.github.com/spec/v1
oid sha256:852de673e72ef8b24aa3e89273b1a375faa09d92005a68aa04ba5bda4e773977
size 836
